6100
4321
6851
9521
6308
4995
6857
6763
7128
8217
5122
4507
5282
4193
4959
5508
6679
5983
7688
7945
7279
8425
6197
5071
7241
7825
5160
4721
8056
6045
6393
7508
5656
4959
6181
7221
6544
6437
6420
6448
5616
6360
4708
8404
7122
6189
7142
7391
7537
7708
7377
5659
5033
6008
5572
5602
5465
3822
5650
6827
8242
8983
6540
6094
8095
6949
5386
6095
7169
6412
7249
6028
4238
6310
7432
6750
7196
6300
5638
6147
6072
6590
6243
6325
7621
6924
6223
3833
5493
7819
8114
6838
5576
5436
5142
4605
6065
4963
5626
6655
7477
6728
3794
5696
7622
6997
6111
4145
3161
3925
4818
6263
4799
5740
5872
5379
4335
5103
5204
5529
4131
4895
4764
5207
7658
7244
3784
3877
6297
7677
5178
3430
3446
3447
4421
6292
6001
6041
6870
9803
4876
3312
6112
7545
6343
5791
4920
4529
3420
4694
7119
6312
7369
9719
6005
5675
6110
6919
8364
7028
5427
6602
6045
6264
5680
6526
7026
7612
7070
7274
7774
7223
5819
7116
8053
5730
5818
6645
6445
6033
4351
5368
5377
4982
5838
5861
5854
5591
7619
6840
4609
4676
7771
7927
6655
6264
12323
11948
11505
12007
14295
11642
9797
9205
8250
7198
9682
11669
11347
8279
10978
9071
10520
9656
10997
9761
9974
7830
8234
6439
6370
9787
10022
10354
10405
9899
7994
7825
6860
9364
8018
8144
10703
11544
6608
8074
6867
12442
7014
9402
12532
7529
6874
7082
8126
9055
9868
9743
10282
9520
10980
11416
7648
9870
11990
11677
6367
10165
11103
11259
10801
11442
12044
13673
14055
13647
8391
9851
11685
11805
9880
9165
9204
10567
11306
12696
13005
11696
14469
11630
9376
9380
14172
11546
9816
11563
11506
9879
8592
10947
10222
11636
10962
9318
12594
9069
11527
11564
13993
14362
13722
11078
7227
10137
12001
10525
7797
6922
11278
11105
9472
10630
14317
13715
15680
13686
11751
12472
11344
10755
6134
6078
10802
8611
8706
10041
13240
13143
15644
15420
11495
11513
10150
10241
11377
9931
10622
10445
7066
10638
8274
9883
13059
15815
14605
12856
9731
11389
12247
11585
12713
9916
10637
8710
8431
9402
10668
14635
13762
13070
10334
9609
9761
9148
8261
13408
12900
15103
10726
8708
8814
13877
11670
10677
8249
11173
8808
8115
8448
9395
14974
13881
12652
10520
11305
12756
9904
10549
6716
9512
10144
8795
8759
7528
5378
6660
5313
7061
8348
8545
8560
8455
10666
11753
7384
10258
7537
8871
6288
6373
5153
8757
9009
9583
7428
10838
9430
10895
8922
9475
7569
7593
6984
6456
7144
8964
8357
7194
5382
8936
9970
8720
8588
10815
7507
5447
7106
6141
9941
10788
9558
8179
9266
7518
7239
6115
11224
9426
9203
4064
8708
6619
11259
8382
9632
7724
7170
4834
8035
5292
11676
10174
9358
4318
7298
6321
11157
9938
10244
8984
9322
7452
6789
5744
9485
10213
6005
3825
5691
7233
10138
10661
7632
8686
8723
8411
7148
7502
8374
7402
7913
5472
6171
9199
10150
10467
8144
10509
9564
10090
7668
8027
9138
6883
9434
7408
8756
8467
8423
10955
8342
10204
8213
9543
10184
7736
7203
8179
10562
11130
8630
7982
9627
10309
10066
10135
10218
10471
9613
10910
10292
8793
9619
8616
10098
8047
11465
9053
10966
8571
10625
12258
10959
9922
10839
10579
7997
8843
9362
9114
11868
6888
10024
8375
10386
13010
12348
13660
10536
10948
5906
8654
8244
5444
8340
6334
6809
10087
9746
11286
9372
12458
9606
10026
6494
8471
8223
7499
5514
7626
7485
9709
7298
8943
7290
8861
6414
8302
